25.872453757762581716 113.395679162297156495
25.872453757762581716 113.404662202408445637
25.872453757762581716 113.413645242519720568
23.177644199421123972 112.596188592393332328
23.177644199421123972 112.641103792949721196
23.177644199421123972 112.730934194062513143
23.177644199421123972 112.739917234173788074
23.168631458423327274 112.739917234173788074
23.051465825451955993 112.488392111057976308
23.042453084454159296 112.452459950612862372
23.042453084454159296 112.461442990724137303
23.024427602458565900 110.664834968468326792
22.573790552568688383 108.913142146768919361
22.573790552568688383 111.500257698817279106
22.573790552568688383 111.509240738928554038
22.564777811570891686 112.380595629722634499
22.564777811570891686 112.389578669833909430
22.555765070573094988 112.398561709945184361
22.546752329575298290 112.407544750056473504
22.042038833698633482 112.371612589611345356
22.042038833698633482 112.380595629722634499
22.042038833698633482 112.389578669833909430
22.033026092700836784 112.371612589611345356
22.033026092700836784 112.389578669833909430
22.024013351703040087 112.380595629722634499
22.015000610705243389 112.380595629722634499
22.005987869707446691 112.380595629722634499
21.933885941725066004 112.389578669833909430
21.933885941725066004 112.398561709945184361
21.861784013742685318 112.407544750056473504
21.861784013742685318 112.739917234173788074
21.852771272744888620 112.182968747274486532
21.852771272744888620 112.200934827497050605
21.852771272744888620 112.407544750056473504
21.852771272744888620 112.416527790167748435
21.843758531747088369 112.191951787385761463
21.843758531747088369 112.200934827497050605
21.843758531747088369 112.416527790167748435
21.843758531747088369 112.748900274285063006
21.843758531747088369 112.757883314396352148
21.843758531747088369 112.766866354507627079
21.843758531747088369 112.793815474841466084
21.834745790749291672 112.416527790167748435
21.825733049751491421 112.407544750056473504
21.825733049751491421 112.416527790167748435
21.825733049751491421 112.425510830279023367
21.816720308753694724 112.200934827497050605
21.816720308753694724 112.407544750056473504
21.816720308753694724 112.416527790167748435
21.816720308753694724 112.425510830279023367
21.816720308753694724 112.434493870390298298
21.816720308753694724 112.443476910501587440
21.807707567755898026 112.191951787385761463
21.807707567755898026 112.200934827497050605
21.807707567755898026 112.209917867608325537
21.807707567755898026 112.407544750056473504
21.807707567755898026 112.416527790167748435
21.807707567755898026 112.425510830279023367
21.807707567755898026 112.434493870390298298
21.807707567755898026 112.443476910501587440
21.798694826758101328 112.407544750056473504
21.798694826758101328 112.416527790167748435
21.798694826758101328 112.425510830279023367
21.798694826758101328 112.434493870390298298
21.789682085760304631 112.030257065382741644
21.789682085760304631 112.407544750056473504
21.789682085760304631 112.416527790167748435
21.789682085760304631 112.425510830279023367
21.789682085760304631 112.434493870390298298
21.780669344762507933 112.030257065382741644
21.780669344762507933 112.425510830279023367
21.780669344762507933 112.434493870390298298
21.780669344762507933 112.443476910501587440
21.771656603764711235 112.407544750056473504
21.771656603764711235 112.416527790167748435
21.762643862766910985 112.407544750056473504
21.762643862766910985 112.416527790167748435
21.753631121769114287 112.407544750056473504
21.726592898775720641 111.985341864826352776
21.717580157777923944 111.967375784603788702
21.717580157777923944 111.976358824715077844
21.717580157777923944 111.985341864826352776
21.717580157777923944 112.066189225827855580
21.708567416780127246 111.967375784603788702
21.708567416780127246 111.976358824715077844
21.708567416780127246 112.039240105494030786
21.708567416780127246 112.057206185716580649
21.708567416780127246 112.066189225827855580
21.699554675782330548 111.859579303268446893
21.699554675782330548 111.958392744492513771
21.699554675782330548 111.967375784603788702
21.699554675782330548 111.976358824715077844
21.699554675782330548 112.048223145605305717
21.699554675782330548 112.057206185716580649
21.690541934784530298 111.958392744492513771
21.690541934784530298 111.967375784603788702
21.690541934784530298 111.976358824715077844
21.501274373830781883 107.323144047072531748
21.456210668841794842 107.296194926738692743
21.095701028929894960 107.323144047072531748
19.509458613317530506 104.951621457694855621
19.509458613317530506 104.960604497806130553
